[['A Star', 'A Star'], [0, 0, 10], [[3, 7], [0, 10], [3, 6], [9, 0], [5, 3], [0, 8], [0, 8], [4, 6], [4, 6], [4, 6]], [[30, 70], [0, 100], [30, 60], [90, 0], [50, 30], [0, 80], [0, 80], [40, 60], [40, 60], [40, 60]]]
Pandas für Ergebnisdokumentation[['A Star', 'A Star'], [0, 0, 11], [[0, 10], [2, 8], [6, 3], [7, 3], [2, 8], [1, 1], [0, 10], [4, 6], [5, 5], [5, 5]], [[0, 55], [10, 40], [30, 15], [35, 15], [10, 40], [5, 5], [0, 50], [20, 30], [25, 25], [25, 25]]]
[['A Star', 'A Star'], [0, 0, 11], [[2, 8], [4, 6], [1, 9], [2, 7], [2, 7], [2, 8], [3, 6], [3, 7], [4, 6], [1, 7]], [[20, 50], [20, 30], [5, 45], [10, 35], [10, 35], [10, 40], [15, 30], [15, 35], [20, 30], [5, 35]]]
[['A Star', 'A Star'], [0, 0, 11], [[6, 1], [6, 4], [1, 8], [1, 9], [5, 5], [0, 10], [4, 6], [2, 8], [2, 8], [2, 8]], [[60, 10], [30, 20], [5, 40], [5, 45], [25, 25], [0, 50], [20, 30], [10, 40], [10, 40], [10, 40]]]
[['A Star', 'A Star'], [0, 0, 22], [[6, 1], [6, 4], [1, 8], [1, 9], [5, 5], [0, 10], [4, 6], [2, 8], [2, 8], [2, 8], [3, 7], [6, 4], [7, 3], [7, 2], [0, 0], [3, 7], [2, 8], [0, 10], [5, 5], [0, 10]], [[60, 10], [30, 20], [5, 40], [5, 45], [25, 25], [0, 50], [20, 30], [10, 40], [10, 40], [10, 40], [15, 35], [30, 20], [35, 15], [35, 10], [0, 0], [15, 35], [10, 40], [0, 50], [25, 25], [0, 50]]]
[['A Star', 'A Star'], [0, 0, 19], [[2, 4], [3, 6], [2, 8], [1, 9], [1, 9], [2, 8], [4, 6], [1, 9], [1, 9], [0, 9]], [[20, 35], [15, 30], [10, 40], [5, 45], [5, 45], [10, 40], [20, 30], [5, 45], [5, 45], [0, 45]]]
[['A Star', 'A Star'], [0, 0, 19], [[1, 8], [1, 9], [4, 6], [1, 9], [1, 9], [2, 8], [3, 7], [0, 1], [2, 8], [0, 8]], [[10, 60], [5, 45], [20, 30], [5, 45], [5, 45], [10, 40], [15, 35], [0, 5], [10, 40], [0, 40]]]
[['A Star', 'A Star'], [0, 0, 19], [[4, 6], [3, 7], [6, 0], [2, 8], [1, 9], [2, 8], [4, 6], [4, 5], [3, 6], [4, 6]], [[40, 35], [15, 35], [30, 0], [10, 40], [5, 45], [10, 40], [20, 30], [20, 25], [15, 30], [20, 30]]]
[['A Star', 'A Star'], [0, 0, 19], [[9, 1], [1, 8], [0, 10], [0, 10], [9, 1], [1, 9], [1, 3], [6, 2], [0, 10], [4, 4]], [[90, 10], [5, 40], [0, 50], [0, 50], [45, 5], [5, 45], [5, 15], [30, 10], [0, 50], [20, 20]]]
[['A Star', 'A Star'], [3, 6, 0], [[5, 5], [1, 9], [5, 4], [2, 7], [0, 10], [8, 1], [1, 9], [0, 10], [1, 9]], [[50, 25], [5, 45], [25, 20], [10, 35], [0, 50], [40, 5], [5, 45], [0, 50], [5, 45]]]
[['A Star', 'A Star'], [1, 7, 1], [[2, 8], [1, 7], [6, 3], [0, 10], [3, 7], [1, 9], [4, 4], [1, 8], [4, 6]], [[20, 60], [5, 35], [30, 15], [0, 50], [15, 35], [5, 45], [20, 20], [5, 40], [20, 30]]]
[['A Star', 'A Star'], [0, 9, 1], [[3, 7], [2, 8], [3, 7], [0, 10], [4, 5], [1, 9], [2, 8], [4, 6], [0, 10], [5, 5]], [[30, 40], [10, 40], [15, 35], [0, 50], [20, 25], [5, 45], [10, 40], [20, 30], [0, 50], [25, 25]]]
[['A Star', 'A Star'], [0, 19, 1], [[3, 7], [2, 8], [3, 7], [0, 10], [4, 5], [1, 9], [2, 8], [4, 6], [0, 10], [5, 5], [2, 8], [2, 8], [3, 7], [3, 7], [4, 6], [0, 10], [1, 9], [0, 7], [0, 10], [3, 7]], [[30, 40], [10, 40], [15, 35], [0, 50], [20, 25], [5, 45], [10, 40], [20, 30], [0, 50], [25, 25], [10, 40], [10, 40], [15, 35], [15, 35], [20, 30], [0, 50], [5, 45], [0, 35], [0, 50], [15, 35]]]
[['A Star', 'A Star'], [0, 0, 0], [[1, 9], [1, 9], [6, 4], [1, 9], [1, 9], [0, 10], [0, 10], [5, 5], [0, 0], [6, 4]], [[10, 65], [5, 45], [30, 20], [5, 45], [5, 45], [0, 50], [0, 50], [25, 25], [0, 0], [30, 20]]]
[['A Star', 'A Star'], [0, 0, 0], [[1, 9], [9, 1], [1, 3], [4, 6], [0, 2], [2, 8], [2, 8], [1, 9], [2, 8], [6, 0]], [[10, 45], [45, 5], [5, 15], [20, 30], [0, 10], [10, 40], [10, 40], [5, 45], [10, 40], [30, 0]]]
[['A Star', 'A Star'], [0, 0, 0], [[1, 9], [9, 1], [1, 3], [4, 6], [0, 2], [2, 8], [2, 8], [1, 9], [2, 8], [6, 0], [0, 10], [1, 9], [4, 5], [0, 10], [0, 9], [2, 8], [2, 8], [1, 9], [7, 2], [3, 6]], [[10, 45], [45, 5], [5, 15], [20, 30], [0, 10], [10, 40], [10, 40], [5, 45], [10, 40], [30, 0], [0, 50], [5, 45], [20, 25], [0, 50], [0, 45], [10, 40], [10, 40], [5, 45], [35, 10], [15, 30]]]
[['A Star', 'A Star'], [0, 0, 0], [[10, 2], [10, 0], [10, 0], [8, 2], [5, 5], [7, 3], [6, 4], [5, 5], [8, 2], [10, 0]], [['A Star', 'A Star'], [0, 0, 0], [[10, 2], [10, 0], [10, 0], [8, 2], [5, 5], [7, 3], [6, 4], [5, 5], [8, 2], [10, 0], [10, 2], [5, 5], [10, 0], [7, 3], [8, 2], [8, 2], [9, 1], [9, 1], [8, 2], [4, 5]], [['A Star', 'A Star'], [0, 0, 0], [[6, 6], [9, 1], [8, 2], [4, 6], [6, 4], [6, 4], [9, 1], [8, 2], [8, 2], [6, 4]], [['A Star', 'A Star'], [0, 0, 0], [[4, 6], [4, 6], [3, 4], [6, 4], [8, 2], [7, 3], [7, 3], [5, 5], [7, 3], [6, 4]], 